<?xml version="1.0"?>
<opencv_storage>
<CornersAmount>48</CornersAmount>
<Corner_0>
  352 403</Corner_0>
<Corner_1>
  334 403</Corner_1>
<Corner_2>
  318 403</Corner_2>
<Corner_3>
  299 402</Corner_3>
<Corner_4>
  283 402</Corner_4>
<Corner_5>
  265 402</Corner_5>
<Corner_6>
  249 401</Corner_6>
<Corner_7>
  231 401</Corner_7>
<Corner_8>
  350 393</Corner_8>
<Corner_9>
  334 393</Corner_9>
<Corner_10>
  316 392</Corner_10>
<Corner_11>
  300 392</Corner_11>
<Corner_12>
  283 392</Corner_12>
<Corner_13>
  267 392</Corner_13>
<Corner_14>
  250 391</Corner_14>
<Corner_15>
  234 391</Corner_15>
<Corner_16>
  350 383</Corner_16>
<Corner_17>
  332 383</Corner_17>
<Corner_18>
  317 383</Corner_18>
<Corner_19>
  300 383</Corner_19>
<Corner_20>
  284 383</Corner_20>
<Corner_21>
  269 382</Corner_21>
<Corner_22>
  252 381</Corner_22>
<Corner_23>
  235 380</Corner_23>
<Corner_24>
  349 374</Corner_24>
<Corner_25>
  333 375</Corner_25>
<Corner_26>
  317 374</Corner_26>
<Corner_27>
  301 374</Corner_27>
<Corner_28>
  285 374</Corner_28>
<Corner_29>
  269 373</Corner_29>
<Corner_30>
  254 373</Corner_30>
<Corner_31>
  238 372</Corner_31>
<Corner_32>
  349 366</Corner_32>
<Corner_33>
  332 365</Corner_33>
<Corner_34>
  317 366</Corner_34>
<Corner_35>
  302 366</Corner_35>
<Corner_36>
  286 365</Corner_36>
<Corner_37>
  270 365</Corner_37>
<Corner_38>
  256 364</Corner_38>
<Corner_39>
  240 364</Corner_39>
<Corner_40>
  347 357</Corner_40>
<Corner_41>
  331 357</Corner_41>
<Corner_42>
  317 357</Corner_42>
<Corner_43>
  302 357</Corner_43>
<Corner_44>
  287 357</Corner_44>
<Corner_45>
  273 356</Corner_45>
<Corner_46>
  257 356</Corner_46>
<Corner_47>
  242 356</Corner_47>
</opencv_storage>
