<?xml version="1.0"?>
<opencv_storage>
<CameraMatrix type_id="opencv-matrix">
  <rows>3</rows>
  <cols>3</cols>
  <dt>f</dt>
  <data>
    4.99074860e+02 0. 1.86344391e+02 0. 5.05577545e+02 1.51555923e+02 0.
    0. 1.</data></CameraMatrix>
<DistortionCoeffs type_id="opencv-matrix">
  <rows>5</rows>
  <cols>1</cols>
  <dt>f</dt>
  <data>
    -3.19669992e-01 6.49660006e-02 4.90899989e-03 1.84870008e-02
    9.88299958e-03</data></DistortionCoeffs>
<RotationValues type_id="opencv-matrix">
  <rows>3</rows>
  <cols>1</cols>
  <dt>f</dt>
  <data>
    1.39192688e+00 -1.18613017e+00 8.96421611e-01</data></RotationValues>
<TranslationValues type_id="opencv-matrix">
  <rows>3</rows>
  <cols>1</cols>
  <dt>f</dt>
  <data>
    1.07275256e+03 1.64424854e+03 2.96590894e+03</data></TranslationValues>
</opencv_storage>
