<?xml version="1.0"?>
<opencv_storage>
<CornersAmount>48</CornersAmount>
<Corner_0>
  297 416</Corner_0>
<Corner_1>
  312 416</Corner_1>
<Corner_2>
  326 416</Corner_2>
<Corner_3>
  341 416</Corner_3>
<Corner_4>
  356 416</Corner_4>
<Corner_5>
  371 417</Corner_5>
<Corner_6>
  385 416</Corner_6>
<Corner_7>
  400 416</Corner_7>
<Corner_8>
  295 421</Corner_8>
<Corner_9>
  310 421</Corner_9>
<Corner_10>
  325 422</Corner_10>
<Corner_11>
  341 421</Corner_11>
<Corner_12>
  356 422</Corner_12>
<Corner_13>
  371 422</Corner_13>
<Corner_14>
  386 422</Corner_14>
<Corner_15>
  402 421</Corner_15>
<Corner_16>
  294 426</Corner_16>
<Corner_17>
  309 427</Corner_17>
<Corner_18>
  325 427</Corner_18>
<Corner_19>
  341 427</Corner_19>
<Corner_20>
  357 428</Corner_20>
<Corner_21>
  372 428</Corner_21>
<Corner_22>
  387 428</Corner_22>
<Corner_23>
  403 427</Corner_23>
<Corner_24>
  292 432</Corner_24>
<Corner_25>
  308 432</Corner_25>
<Corner_26>
  324 433</Corner_26>
<Corner_27>
  340 433</Corner_27>
<Corner_28>
  356 433</Corner_28>
<Corner_29>
  372 433</Corner_29>
<Corner_30>
  388 433</Corner_30>
<Corner_31>
  404 433</Corner_31>
<Corner_32>
  290 439</Corner_32>
<Corner_33>
  307 440</Corner_33>
<Corner_34>
  323 440</Corner_34>
<Corner_35>
  340 440</Corner_35>
<Corner_36>
  357 440</Corner_36>
<Corner_37>
  373 440</Corner_37>
<Corner_38>
  390 440</Corner_38>
<Corner_39>
  407 439</Corner_39>
<Corner_40>
  288 445</Corner_40>
<Corner_41>
  306 445</Corner_41>
<Corner_42>
  323 446</Corner_42>
<Corner_43>
  339 446</Corner_43>
<Corner_44>
  357 446</Corner_44>
<Corner_45>
  374 446</Corner_45>
<Corner_46>
  391 446</Corner_46>
<Corner_47>
  408 445</Corner_47>
</opencv_storage>
