<?xml version="1.0"?>
<opencv_storage>
<CameraMatrix type_id="opencv-matrix">
  <rows>3</rows>
  <cols>3</cols>
  <dt>f</dt>
  <data>
    4.99074860e+02 0. 1.86344391e+02 0. 5.05577545e+02 1.51555923e+02 0.
    0. 1.</data></CameraMatrix>
<DistortionCoeffs type_id="opencv-matrix">
  <rows>5</rows>
  <cols>1</cols>
  <dt>f</dt>
  <data>
    -3.19669992e-01 6.49660006e-02 4.90899989e-03 1.84870008e-02
    9.88299958e-03</data></DistortionCoeffs>
<RotationValues type_id="opencv-matrix">
  <rows>3</rows>
  <cols>1</cols>
  <dt>f</dt>
  <data>
    9.75541413e-01 1.30864203e+00 -1.50866294e+00</data></RotationValues>
<TranslationValues type_id="opencv-matrix">
  <rows>3</rows>
  <cols>1</cols>
  <dt>f</dt>
  <data>
    8.40246216e+02 2.04368115e+03 3.53860718e+03</data></TranslationValues>
</opencv_storage>
