<?xml version="1.0"?>
<opencv_storage>
<CameraMatrix type_id="opencv-matrix">
  <rows>3</rows>
  <cols>3</cols>
  <dt>f</dt>
  <data>
    4.70284302e+02 0. 3.13640106e+02 0. 4.68194000e+02 2.27319382e+02 0.
    0. 1.</data></CameraMatrix>
<DistortionCoeffs type_id="opencv-matrix">
  <rows>5</rows>
  <cols>1</cols>
  <dt>f</dt>
  <data>
    -3.55045319e-01 1.78521544e-01 2.93023139e-03 2.72384682e-03
    -5.44891804e-02</data></DistortionCoeffs>
<RotationValues type_id="opencv-matrix">
  <rows>3</rows>
  <cols>1</cols>
  <dt>f</dt>
  <data>
    1.01587787e-01 -2.48203301e+00 1.79913783e+00</data></RotationValues>
<TranslationValues type_id="opencv-matrix">
  <rows>3</rows>
  <cols>1</cols>
  <dt>f</dt>
  <data>
    1.16810925e+03 8.83011047e+02 3.42038208e+03</data></TranslationValues>
</opencv_storage>
