<?xml version="1.0"?>
<opencv_storage>
<CameraMatrix type_id="opencv-matrix">
  <rows>3</rows>
  <cols>3</cols>
  <dt>f</dt>
  <data>
    4.91843719e+02 0. 3.29123077e+02 0. 4.94987579e+02 2.24414307e+02 0.
    0. 1.</data></CameraMatrix>
<DistortionCoeffs type_id="opencv-matrix">
  <rows>5</rows>
  <cols>1</cols>
  <dt>f</dt>
  <data>
    -3.31110001e-01 8.71130005e-02 -1.53500005e-03 1.19800004e-03
    3.11530009e-02</data></DistortionCoeffs>
<RotationValues type_id="opencv-matrix">
  <rows>3</rows>
  <cols>1</cols>
  <dt>f</dt>
  <data>
    1.78951287e+00 -6.83993518e-01 4.81710017e-01</data></RotationValues>
<TranslationValues type_id="opencv-matrix">
  <rows>3</rows>
  <cols>1</cols>
  <dt>f</dt>
  <data>
    -1.80385914e+01 1.00551038e+03 3.28925342e+03</data></TranslationValues>
</opencv_storage>
