<?xml version="1.0"?>
<opencv_storage>
<CornersAmount>48</CornersAmount>
<Corner_0>
  367 342</Corner_0>
<Corner_1>
  360 349</Corner_1>
<Corner_2>
  353 355</Corner_2>
<Corner_3>
  345 360</Corner_3>
<Corner_4>
  337 367</Corner_4>
<Corner_5>
  328 374</Corner_5>
<Corner_6>
  318 380</Corner_6>
<Corner_7>
  310 387</Corner_7>
<Corner_8>
  356 339</Corner_8>
<Corner_9>
  349 344</Corner_9>
<Corner_10>
  341 350</Corner_10>
<Corner_11>
  332 356</Corner_11>
<Corner_12>
  324 362</Corner_12>
<Corner_13>
  316 369</Corner_13>
<Corner_14>
  307 375</Corner_14>
<Corner_15>
  297 382</Corner_15>
<Corner_16>
  345 335</Corner_16>
<Corner_17>
  337 341</Corner_17>
<Corner_18>
  330 347</Corner_18>
<Corner_19>
  322 352</Corner_19>
<Corner_20>
  313 357</Corner_20>
<Corner_21>
  304 364</Corner_21>
<Corner_22>
  295 371</Corner_22>
<Corner_23>
  285 377</Corner_23>
<Corner_24>
  334 332</Corner_24>
<Corner_25>
  327 338</Corner_25>
<Corner_26>
  318 343</Corner_26>
<Corner_27>
  311 348</Corner_27>
<Corner_28>
  302 353</Corner_28>
<Corner_29>
  293 360</Corner_29>
<Corner_30>
  283 366</Corner_30>
<Corner_31>
  273 373</Corner_31>
<Corner_32>
  324 329</Corner_32>
<Corner_33>
  316 333</Corner_33>
<Corner_34>
  308 339</Corner_34>
<Corner_35>
  299 344</Corner_35>
<Corner_36>
  291 350</Corner_36>
<Corner_37>
  281 355</Corner_37>
<Corner_38>
  271 361</Corner_38>
<Corner_39>
  263 367</Corner_39>
<Corner_40>
  313 324</Corner_40>
<Corner_41>
  306 330</Corner_41>
<Corner_42>
  297 335</Corner_42>
<Corner_43>
  289 341</Corner_43>
<Corner_44>
  280 346</Corner_44>
<Corner_45>
  271 351</Corner_45>
<Corner_46>
  262 356</Corner_46>
<Corner_47>
  252 362</Corner_47>
</opencv_storage>
