<?xml version="1.0"?>
<opencv_storage>
<CameraMatrix type_id="opencv-matrix">
  <rows>3</rows>
  <cols>3</cols>
  <dt>f</dt>
  <data>
    4.87867584e+02 0. 3.45996033e+02 0. 4.89946991e+02 2.41863739e+02 0.
    0. 1.</data></CameraMatrix>
<DistortionCoeffs type_id="opencv-matrix">
  <rows>5</rows>
  <cols>1</cols>
  <dt>f</dt>
  <data>
    -3.84916008e-01 2.48723999e-01 -8.31999991e-04 -1.08199997e-03
    -1.14221998e-01</data></DistortionCoeffs>
<RotationValues type_id="opencv-matrix">
  <rows>3</rows>
  <cols>1</cols>
  <dt>f</dt>
  <data>
    6.70331717e-01 -2.19447875e+00 1.60484469e+00</data></RotationValues>
<TranslationValues type_id="opencv-matrix">
  <rows>3</rows>
  <cols>1</cols>
  <dt>f</dt>
  <data>
    1.82907547e+02 8.47244080e+02 4.04227686e+03</data></TranslationValues>
</opencv_storage>
