<?xml version="1.0"?>
<opencv_storage>
<CornersAmount>48</CornersAmount>
<Corner_0>
  357 301</Corner_0>
<Corner_1>
  368 305</Corner_1>
<Corner_2>
  377 307</Corner_2>
<Corner_3>
  386 309</Corner_3>
<Corner_4>
  397 312</Corner_4>
<Corner_5>
  406 315</Corner_5>
<Corner_6>
  418 318</Corner_6>
<Corner_7>
  428 320</Corner_7>
<Corner_8>
  349 305</Corner_8>
<Corner_9>
  359 308</Corner_9>
<Corner_10>
  369 310</Corner_10>
<Corner_11>
  378 312</Corner_11>
<Corner_12>
  388 315</Corner_12>
<Corner_13>
  399 318</Corner_13>
<Corner_14>
  410 320</Corner_14>
<Corner_15>
  421 323</Corner_15>
<Corner_16>
  341 308</Corner_16>
<Corner_17>
  348 310</Corner_17>
<Corner_18>
  359 313</Corner_18>
<Corner_19>
  370 316</Corner_19>
<Corner_20>
  380 318</Corner_20>
<Corner_21>
  390 321</Corner_21>
<Corner_22>
  402 324</Corner_22>
<Corner_23>
  414 328</Corner_23>
<Corner_24>
  331 310</Corner_24>
<Corner_25>
  341 313</Corner_25>
<Corner_26>
  352 316</Corner_26>
<Corner_27>
  362 319</Corner_27>
<Corner_28>
  371 322</Corner_28>
<Corner_29>
  382 325</Corner_29>
<Corner_30>
  393 329</Corner_30>
<Corner_31>
  406 331</Corner_31>
<Corner_32>
  323 314</Corner_32>
<Corner_33>
  332 317</Corner_33>
<Corner_34>
  342 320</Corner_34>
<Corner_35>
  352 322</Corner_35>
<Corner_36>
  363 325</Corner_36>
<Corner_37>
  374 329</Corner_37>
<Corner_38>
  385 332</Corner_38>
<Corner_39>
  397 336</Corner_39>
<Corner_40>
  313 317</Corner_40>
<Corner_41>
  323 320</Corner_41>
<Corner_42>
  332 323</Corner_42>
<Corner_43>
  343 326</Corner_43>
<Corner_44>
  354 330</Corner_44>
<Corner_45>
  364 332</Corner_45>
<Corner_46>
  376 336</Corner_46>
<Corner_47>
  387 340</Corner_47>
</opencv_storage>
