<?xml version="1.0"?>
<opencv_storage>
<CornersAmount>48</CornersAmount>
<Corner_0>
  232 350</Corner_0>
<Corner_1>
  242 347</Corner_1>
<Corner_2>
  252 344</Corner_2>
<Corner_3>
  261 341</Corner_3>
<Corner_4>
  271 339</Corner_4>
<Corner_5>
  280 336</Corner_5>
<Corner_6>
  288 333</Corner_6>
<Corner_7>
  297 331</Corner_7>
<Corner_8>
  240 353</Corner_8>
<Corner_9>
  251 350</Corner_9>
<Corner_10>
  260 347</Corner_10>
<Corner_11>
  270 344</Corner_11>
<Corner_12>
  279 342</Corner_12>
<Corner_13>
  290 339</Corner_13>
<Corner_14>
  297 336</Corner_14>
<Corner_15>
  305 333</Corner_15>
<Corner_16>
  248 357</Corner_16>
<Corner_17>
  258 353</Corner_17>
<Corner_18>
  269 350</Corner_18>
<Corner_19>
  279 347</Corner_19>
<Corner_20>
  288 344</Corner_20>
<Corner_21>
  297 340</Corner_21>
<Corner_22>
  305 339</Corner_22>
<Corner_23>
  314 336</Corner_23>
<Corner_24>
  257 360</Corner_24>
<Corner_25>
  267 357</Corner_25>
<Corner_26>
  278 353</Corner_26>
<Corner_27>
  289 350</Corner_27>
<Corner_28>
  297 347</Corner_28>
<Corner_29>
  307 344</Corner_29>
<Corner_30>
  315 341</Corner_30>
<Corner_31>
  323 339</Corner_31>
<Corner_32>
  267 364</Corner_32>
<Corner_33>
  277 360</Corner_33>
<Corner_34>
  287 356</Corner_34>
<Corner_35>
  298 353</Corner_35>
<Corner_36>
  307 350</Corner_36>
<Corner_37>
  317 346</Corner_37>
<Corner_38>
  325 344</Corner_38>
<Corner_39>
  334 341</Corner_39>
<Corner_40>
  277 367</Corner_40>
<Corner_41>
  287 362</Corner_41>
<Corner_42>
  298 360</Corner_42>
<Corner_43>
  307 356</Corner_43>
<Corner_44>
  317 353</Corner_44>
<Corner_45>
  327 350</Corner_45>
<Corner_46>
  334 347</Corner_46>
<Corner_47>
  343 343</Corner_47>
</opencv_storage>
